Found Path [(0, 0), (1, 0), (2, 0), (3, 0), (4, 0), (4, 1), (3, 1), (2, 1), (1, 1), (0, 1), (0, 2), (1, 2), (2, 2), (3, 2), (4, 2), (4, 3), (4, 4), (4, 5), (4, 6), (4, 7), (3, 7), (2, 7), (1, 7), (0, 7), (0, 6), (0, 5), (0, 4), (0, 3), (1, 3), (2, 3), (3, 3), (3, 4), (3, 5)] of length 33
Found Path [(0, 0), (1, 0), (2, 0), (3, 0), (4, 0), (4, 1), (3, 1), (2, 1), (1, 1), (0, 1), (0, 2), (1, 2), (2, 2), (3, 2), (4, 2), (4, 3), (4, 4), (4, 5), (4, 6), (4, 7), (3, 7), (2, 7), (1, 7), (0, 7), (0, 6), (0, 5), (0, 4), (0, 3), (1, 3), (2, 3), (3, 3), (3, 4), (3, 5), (3, 6), (2, 6), (1, 6), (1, 5)] of length 37
Found Path [(0, 0), (1, 0), (2, 0), (3, 0), (4, 0), (4, 1), (3, 1), (2, 1), (1, 1), (0, 1), (0, 2), (1, 2), (2, 2), (3, 2), (4, 2), (4, 3), (4, 4), (4, 5), (4, 6), (4, 7), (3, 7), (2, 7), (1, 7), (0, 7), (0, 6), (0, 5), (0, 4), (0, 3), (1, 3), (2, 3), (3, 3), (3, 4), (3, 5), (3, 6), (2, 6), (1, 6), (1, 5), (1, 4), (2, 4)] of length 39
Found Path [(0, 0), (1, 0), (2, 0), (3, 0), (4, 0), (4, 1), (3, 1), (2, 1), (1, 1), (0, 1), (0, 2), (1, 2), (2, 2), (3, 2), (4, 2), (4, 3), (4, 4), (4, 5), (4, 6), (4, 7), (3, 7), (2, 7), (1, 7), (0, 7), (0, 6), (0, 5), (0, 4), (0, 3), (1, 3), (2, 3), (3, 3), (3, 4), (3, 5), (3, 6), (2, 6)] of length 35
Found Path [(0, 0), (1, 0), (2, 0), (3, 0), (4, 0), (4, 1), (3, 1), (2, 1), (1, 1), (1, 2), (2, 2), (3, 2), (4, 2), (4, 3), (4, 4), (4, 5), (4, 6), (4, 7), (3, 7), (2, 7), (1, 7), (0, 7), (0, 6), (0, 5), (0, 4), (0, 3), (1, 3), (2, 3), (3, 3), (3, 4), (3, 5)] of length 31
Found Path [(0, 0), (1, 0), (2, 0), (3, 0), (4, 0), (4, 1), (3, 1), (2, 1), (1, 1), (1, 2), (2, 2), (3, 2), (4, 2), (4, 3), (4, 4), (4, 5), (4, 6), (4, 7), (3, 7), (2, 7), (1, 7), (0, 7), (0, 6), (0, 5), (0, 4), (0, 3), (1, 3), (2, 3), (3, 3), (3, 4), (3, 5), (3, 6), (2, 6), (1, 6), (1, 5)] of length 35
Found Path [(0, 0), (1, 0), (2, 0), (3, 0), (4, 0), (4, 1), (3, 1), (2, 1), (1, 1), (1, 2), (2, 2), (3, 2), (4, 2), (4, 3), (4, 4), (4, 5), (4, 6), (4, 7), (3, 7), (2, 7), (1, 7), (0, 7), (0, 6), (0, 5), (0, 4), (0, 3), (1, 3), (2, 3), (3, 3), (3, 4), (3, 5), (3, 6), (2, 6), (1, 6), (1, 5), (1, 4), (2, 4)] of length 37
Found Path [(0, 0), (1, 0), (2, 0), (3, 0), (4, 0), (4, 1), (3, 1), (2, 1), (1, 1), (1, 2), (2, 2), (3, 2), (4, 2), (4, 3), (4, 4), (4, 5), (4, 6), (4, 7), (3, 7), (2, 7), (1, 7), (0, 7), (0, 6), (0, 5), (0, 4), (0, 3), (1, 3), (2, 3), (3, 3), (3, 4), (3, 5), (3, 6), (2, 6)] of length 33
Found Path [(0, 0), (1, 0), (2, 0), (3, 0), (4, 0), (4, 1), (3, 1), (2, 1), (2, 2), (3, 2), (4, 2), (4, 3), (4, 4), (4, 5), (4, 6), (4, 7), (3, 7), (2, 7), (1, 7), (0, 7), (0, 6), (0, 5), (0, 4), (0, 3), (1, 3), (2, 3), (3, 3), (3, 4), (3, 5)] of length 29
Found Path [(0, 0), (1, 0), (2, 0), (3, 0), (4, 0), (4, 1), (3, 1), (2, 1), (2, 2), (3, 2), (4, 2), (4, 3), (4, 4), (4, 5), (4, 6), (4, 7), (3, 7), (2, 7), (1, 7), (0, 7), (0, 6), (0, 5), (0, 4), (0, 3), (1, 3), (2, 3), (3, 3), (3, 4), (3, 5), (3, 6), (2, 6), (1, 6), (1, 5)] of length 33
Found Path [(0, 0), (1, 0), (2, 0), (3, 0), (4, 0), (4, 1), (3, 1), (2, 1), (2, 2), (3, 2), (4, 2), (4, 3), (4, 4), (4, 5), (4, 6), (4, 7), (3, 7), (2, 7), (1, 7), (0, 7), (0, 6), (0, 5), (0, 4), (0, 3), (1, 3), (2, 3), (3, 3), (3, 4), (3, 5), (3, 6), (2, 6), (1, 6), (1, 5), (1, 4), (2, 4)] of length 35
Found Path [(0, 0), (1, 0), (2, 0), (3, 0), (4, 0), (4, 1), (3, 1), (2, 1), (2, 2), (3, 2), (4, 2), (4, 3), (4, 4), (4, 5), (4, 6), (4, 7), (3, 7), (2, 7), (1, 7), (0, 7), (0, 6), (0, 5), (0, 4), (0, 3), (1, 3), (2, 3), (3, 3), (3, 4), (3, 5), (3, 6), (2, 6)] of length 31
Found Path [(0, 0), (1, 0), (2, 0), (3, 0), (4, 0), (4, 1), (3, 1), (3, 2), (4, 2), (4, 3), (4, 4), (4, 5), (4, 6), (4, 7), (3, 7), (2, 7), (1, 7), (0, 7), (0, 6), (0, 5), (0, 4), (0, 3), (1, 3), (2, 3), (3, 3), (3, 4), (3, 5)] of length 27
Found Path [(0, 0), (1, 0), (2, 0), (3, 0), (4, 0), (4, 1), (3, 1), (3, 2), (4, 2), (4, 3), (4, 4), (4, 5), (4, 6), (4, 7), (3, 7), (2, 7), (1, 7), (0, 7), (0, 6), (0, 5), (0, 4), (0, 3), (1, 3), (2, 3), (3, 3), (3, 4), (3, 5), (3, 6), (2, 6), (1, 6), (1, 5)] of length 31
Found Path [(0, 0), (1, 0), (2, 0), (3, 0), (4, 0), (4, 1), (3, 1), (3, 2), (4, 2), (4, 3), (4, 4), (4, 5), (4, 6), (4, 7), (3, 7), (2, 7), (1, 7), (0, 7), (0, 6), (0, 5), (0, 4), (0, 3), (1, 3), (2, 3), (3, 3), (3, 4), (3, 5), (3, 6), (2, 6), (1, 6), (1, 5), (1, 4), (2, 4)] of length 33
Found Path [(0, 0), (1, 0), (2, 0), (3, 0), (4, 0), (4, 1), (3, 1), (3, 2), (4, 2), (4, 3), (4, 4), (4, 5), (4, 6), (4, 7), (3, 7), (2, 7), (1, 7), (0, 7), (0, 6), (0, 5), (0, 4), (0, 3), (1, 3), (2, 3), (3, 3), (3, 4), (3, 5), (3, 6), (2, 6)] of length 29
Found Path [(0, 0), (1, 0), (1, 1), (2, 1), (3, 1), (3, 2), (4, 2), (4, 3), (4, 4), (4, 5), (4, 6), (4, 7), (3, 7), (2, 7), (1, 7), (0, 7), (0, 6), (0, 5), (0, 4), (0, 3), (1, 3), (2, 3), (3, 3), (3, 4), (3, 5)] of length 25
Found Path [(0, 0), (1, 0), (1, 1), (2, 1), (3, 1), (3, 2), (4, 2), (4, 3), (4, 4), (4, 5), (4, 6), (4, 7), (3, 7), (2, 7), (1, 7), (0, 7), (0, 6), (0, 5), (0, 4), (0, 3), (1, 3), (2, 3), (3, 3), (3, 4), (3, 5), (3, 6), (2, 6), (1, 6), (1, 5)] of length 29
Found Path [(0, 0), (1, 0), (1, 1), (2, 1), (3, 1), (3, 2), (4, 2), (4, 3), (4, 4), (4, 5), (4, 6), (4, 7), (3, 7), (2, 7), (1, 7), (0, 7), (0, 6), (0, 5), (0, 4), (0, 3), (1, 3), (2, 3), (3, 3), (3, 4), (3, 5), (3, 6), (2, 6), (1, 6), (1, 5), (1, 4), (2, 4)] of length 31
Found Path [(0, 0), (1, 0), (1, 1), (2, 1), (3, 1), (3, 2), (4, 2), (4, 3), (4, 4), (4, 5), (4, 6), (4, 7), (3, 7), (2, 7), (1, 7), (0, 7), (0, 6), (0, 5), (0, 4), (0, 3), (1, 3), (2, 3), (3, 3), (3, 4), (3, 5), (3, 6), (2, 6)] of length 27
Found Path [(0, 0), (1, 0), (1, 1), (2, 1), (2, 2), (3, 2), (4, 2), (4, 3), (4, 4), (4, 5), (4, 6), (4, 7), (3, 7), (2, 7), (1, 7), (0, 7), (0, 6), (0, 5), (0, 4), (0, 3), (1, 3), (2, 3), (3, 3), (3, 4), (3, 5)] of length 25
Found Path [(0, 0), (1, 0), (1, 1), (2, 1), (2, 2), (3, 2), (4, 2), (4, 3), (4, 4), (4, 5), (4, 6), (4, 7), (3, 7), (2, 7), (1, 7), (0, 7), (0, 6), (0, 5), (0, 4), (0, 3), (1, 3), (2, 3), (3, 3), (3, 4), (3, 5), (3, 6), (2, 6), (1, 6), (1, 5)] of length 29
Found Path [(0, 0), (1, 0), (1, 1), (2, 1), (2, 2), (3, 2), (4, 2), (4, 3), (4, 4), (4, 5), (4, 6), (4, 7), (3, 7), (2, 7), (1, 7), (0, 7), (0, 6), (0, 5), (0, 4), (0, 3), (1, 3), (2, 3), (3, 3), (3, 4), (3, 5), (3, 6), (2, 6), (1, 6), (1, 5), (1, 4), (2, 4)] of length 31
Found Path [(0, 0), (1, 0), (1, 1), (2, 1), (2, 2), (3, 2), (4, 2), (4, 3), (4, 4), (4, 5), (4, 6), (4, 7), (3, 7), (2, 7), (1, 7), (0, 7), (0, 6), (0, 5), (0, 4), (0, 3), (1, 3), (2, 3), (3, 3), (3, 4), (3, 5), (3, 6), (2, 6)] of length 27
Found Path [(0, 0), (1, 0), (1, 1), (2, 1), (2, 0), (3, 0), (4, 0), (4, 1), (3, 1), (3, 2), (4, 2), (4, 3), (4, 4), (4, 5), (4, 6), (4, 7), (3, 7), (2, 7), (1, 7), (0, 7), (0, 6), (0, 5), (0, 4), (0, 3), (1, 3), (2, 3), (3, 3), (3, 4), (3, 5)] of length 29
Found Path [(0, 0), (1, 0), (1, 1), (2, 1), (2, 0), (3, 0), (4, 0), (4, 1), (3, 1), (3, 2), (4, 2), (4, 3), (4, 4), (4, 5), (4, 6), (4, 7), (3, 7), (2, 7), (1, 7), (0, 7), (0, 6), (0, 5), (0, 4), (0, 3), (1, 3), (2, 3), (3, 3), (3, 4), (3, 5), (3, 6), (2, 6), (1, 6), (1, 5)] of length 33
Found Path [(0, 0), (1, 0), (1, 1), (2, 1), (2, 0), (3, 0), (4, 0), (4, 1), (3, 1), (3, 2), (4, 2), (4, 3), (4, 4), (4, 5), (4, 6), (4, 7), (3, 7), (2, 7), (1, 7), (0, 7), (0, 6), (0, 5), (0, 4), (0, 3), (1, 3), (2, 3), (3, 3), (3, 4), (3, 5), (3, 6), (2, 6), (1, 6), (1, 5), (1, 4), (2, 4)] of length 35
Found Path [(0, 0), (1, 0), (1, 1), (2, 1), (2, 0), (3, 0), (4, 0), (4, 1), (3, 1), (3, 2), (4, 2), (4, 3), (4, 4), (4, 5), (4, 6), (4, 7), (3, 7), (2, 7), (1, 7), (0, 7), (0, 6), (0, 5), (0, 4), (0, 3), (1, 3), (2, 3), (3, 3), (3, 4), (3, 5), (3, 6), (2, 6)] of length 31
Found Path [(0, 0), (1, 0), (1, 1), (0, 1), (0, 2), (1, 2), (2, 2), (3, 2), (4, 2), (4, 3), (4, 4), (4, 5), (4, 6), (4, 7), (3, 7), (2, 7), (1, 7), (0, 7), (0, 6), (0, 5), (0, 4), (0, 3), (1, 3), (2, 3), (3, 3), (3, 4), (3, 5)] of length 27
Found Path [(0, 0), (1, 0), (1, 1), (0, 1), (0, 2), (1, 2), (2, 2), (3, 2), (4, 2), (4, 3), (4, 4), (4, 5), (4, 6), (4, 7), (3, 7), (2, 7), (1, 7), (0, 7), (0, 6), (0, 5), (0, 4), (0, 3), (1, 3), (2, 3), (3, 3), (3, 4), (3, 5), (3, 6), (2, 6), (1, 6), (1, 5)] of length 31
Found Path [(0, 0), (1, 0), (1, 1), (0, 1), (0, 2), (1, 2), (2, 2), (3, 2), (4, 2), (4, 3), (4, 4), (4, 5), (4, 6), (4, 7), (3, 7), (2, 7), (1, 7), (0, 7), (0, 6), (0, 5), (0, 4), (0, 3), (1, 3), (2, 3), (3, 3), (3, 4), (3, 5), (3, 6), (2, 6), (1, 6), (1, 5), (1, 4), (2, 4)] of length 33
Found Path [(0, 0), (1, 0), (1, 1), (0, 1), (0, 2), (1, 2), (2, 2), (3, 2), (4, 2), (4, 3), (4, 4), (4, 5), (4, 6), (4, 7), (3, 7), (2, 7), (1, 7), (0, 7), (0, 6), (0, 5), (0, 4), (0, 3), (1, 3), (2, 3), (3, 3), (3, 4), (3, 5), (3, 6), (2, 6)] of length 29
Found Path [(0, 0), (1, 0), (1, 1), (0, 1), (0, 2), (1, 2), (2, 2), (2, 1), (3, 1), (3, 2), (4, 2), (4, 3), (4, 4), (4, 5), (4, 6), (4, 7), (3, 7), (2, 7), (1, 7), (0, 7), (0, 6), (0, 5), (0, 4), (0, 3), (1, 3), (2, 3), (3, 3), (3, 4), (3, 5)] of length 29
Found Path [(0, 0), (1, 0), (1, 1), (0, 1), (0, 2), (1, 2), (2, 2), (2, 1), (3, 1), (3, 2), (4, 2), (4, 3), (4, 4), (4, 5), (4, 6), (4, 7), (3, 7), (2, 7), (1, 7), (0, 7), (0, 6), (0, 5), (0, 4), (0, 3), (1, 3), (2, 3), (3, 3), (3, 4), (3, 5), (3, 6), (2, 6), (1, 6), (1, 5)] of length 33
Found Path [(0, 0), (1, 0), (1, 1), (0, 1), (0, 2), (1, 2), (2, 2), (2, 1), (3, 1), (3, 2), (4, 2), (4, 3), (4, 4), (4, 5), (4, 6), (4, 7), (3, 7), (2, 7), (1, 7), (0, 7), (0, 6), (0, 5), (0, 4), (0, 3), (1, 3), (2, 3), (3, 3), (3, 4), (3, 5), (3, 6), (2, 6), (1, 6), (1, 5), (1, 4), (2, 4)] of length 35
Found Path [(0, 0), (1, 0), (1, 1), (0, 1), (0, 2), (1, 2), (2, 2), (2, 1), (3, 1), (3, 2), (4, 2), (4, 3), (4, 4), (4, 5), (4, 6), (4, 7), (3, 7), (2, 7), (1, 7), (0, 7), (0, 6), (0, 5), (0, 4), (0, 3), (1, 3), (2, 3), (3, 3), (3, 4), (3, 5), (3, 6), (2, 6)] of length 31
Found Path [(0, 0), (1, 0), (1, 1), (0, 1), (0, 2), (1, 2), (2, 2), (2, 1), (2, 0), (3, 0), (4, 0), (4, 1), (3, 1), (3, 2), (4, 2), (4, 3), (4, 4), (4, 5), (4, 6), (4, 7), (3, 7), (2, 7), (1, 7), (0, 7), (0, 6), (0, 5), (0, 4), (0, 3), (1, 3), (2, 3), (3, 3), (3, 4), (3, 5)] of length 33
Found Path [(0, 0), (1, 0), (1, 1), (0, 1), (0, 2), (1, 2), (2, 2), (2, 1), (2, 0), (3, 0), (4, 0), (4, 1), (3, 1), (3, 2), (4, 2), (4, 3), (4, 4), (4, 5), (4, 6), (4, 7), (3, 7), (2, 7), (1, 7), (0, 7), (0, 6), (0, 5), (0, 4), (0, 3), (1, 3), (2, 3), (3, 3), (3, 4), (3, 5), (3, 6), (2, 6), (1, 6), (1, 5)] of length 37
Found Path [(0, 0), (1, 0), (1, 1), (0, 1), (0, 2), (1, 2), (2, 2), (2, 1), (2, 0), (3, 0), (4, 0), (4, 1), (3, 1), (3, 2), (4, 2), (4, 3), (4, 4), (4, 5), (4, 6), (4, 7), (3, 7), (2, 7), (1, 7), (0, 7), (0, 6), (0, 5), (0, 4), (0, 3), (1, 3), (2, 3), (3, 3), (3, 4), (3, 5), (3, 6), (2, 6), (1, 6), (1, 5), (1, 4), (2, 4)] of length 39
Found Path [(0, 0), (1, 0), (1, 1), (0, 1), (0, 2), (1, 2), (2, 2), (2, 1), (2, 0), (3, 0), (4, 0), (4, 1), (3, 1), (3, 2), (4, 2), (4, 3), (4, 4), (4, 5), (4, 6), (4, 7), (3, 7), (2, 7), (1, 7), (0, 7), (0, 6), (0, 5), (0, 4), (0, 3), (1, 3), (2, 3), (3, 3), (3, 4), (3, 5), (3, 6), (2, 6)] of length 35
Found Path [(0, 0), (1, 0), (1, 1), (1, 2), (2, 2), (3, 2), (4, 2), (4, 3), (4, 4), (4, 5), (4, 6), (4, 7), (3, 7), (2, 7), (1, 7), (0, 7), (0, 6), (0, 5), (0, 4), (0, 3), (1, 3), (2, 3), (3, 3), (3, 4), (3, 5)] of length 25
Found Path [(0, 0), (1, 0), (1, 1), (1, 2), (2, 2), (3, 2), (4, 2), (4, 3), (4, 4), (4, 5), (4, 6), (4, 7), (3, 7), (2, 7), (1, 7), (0, 7), (0, 6), (0, 5), (0, 4), (0, 3), (1, 3), (2, 3), (3, 3), (3, 4), (3, 5), (3, 6), (2, 6), (1, 6), (1, 5)] of length 29
Found Path [(0, 0), (1, 0), (1, 1), (1, 2), (2, 2), (3, 2), (4, 2), (4, 3), (4, 4), (4, 5), (4, 6), (4, 7), (3, 7), (2, 7), (1, 7), (0, 7), (0, 6), (0, 5), (0, 4), (0, 3), (1, 3), (2, 3), (3, 3), (3, 4), (3, 5), (3, 6), (2, 6), (1, 6), (1, 5), (1, 4), (2, 4)] of length 31
Found Path [(0, 0), (1, 0), (1, 1), (1, 2), (2, 2), (3, 2), (4, 2), (4, 3), (4, 4), (4, 5), (4, 6), (4, 7), (3, 7), (2, 7), (1, 7), (0, 7), (0, 6), (0, 5), (0, 4), (0, 3), (1, 3), (2, 3), (3, 3), (3, 4), (3, 5), (3, 6), (2, 6)] of length 27
Found Path [(0, 0), (1, 0), (1, 1), (1, 2), (2, 2), (2, 1), (3, 1), (3, 2), (4, 2), (4, 3), (4, 4), (4, 5), (4, 6), (4, 7), (3, 7), (2, 7), (1, 7), (0, 7), (0, 6), (0, 5), (0, 4), (0, 3), (1, 3), (2, 3), (3, 3), (3, 4), (3, 5)] of length 27
Found Path [(0, 0), (1, 0), (1, 1), (1, 2), (2, 2), (2, 1), (3, 1), (3, 2), (4, 2), (4, 3), (4, 4), (4, 5), (4, 6), (4, 7), (3, 7), (2, 7), (1, 7), (0, 7), (0, 6), (0, 5), (0, 4), (0, 3), (1, 3), (2, 3), (3, 3), (3, 4), (3, 5), (3, 6), (2, 6), (1, 6), (1, 5)] of length 31
Found Path [(0, 0), (1, 0), (1, 1), (1, 2), (2, 2), (2, 1), (3, 1), (3, 2), (4, 2), (4, 3), (4, 4), (4, 5), (4, 6), (4, 7), (3, 7), (2, 7), (1, 7), (0, 7), (0, 6), (0, 5), (0, 4), (0, 3), (1, 3), (2, 3), (3, 3), (3, 4), (3, 5), (3, 6), (2, 6), (1, 6), (1, 5), (1, 4), (2, 4)] of length 33
Found Path [(0, 0), (1, 0), (1, 1), (1, 2), (2, 2), (2, 1), (3, 1), (3, 2), (4, 2), (4, 3), (4, 4), (4, 5), (4, 6), (4, 7), (3, 7), (2, 7), (1, 7), (0, 7), (0, 6), (0, 5), (0, 4), (0, 3), (1, 3), (2, 3), (3, 3), (3, 4), (3, 5), (3, 6), (2, 6)] of length 29
Found Path [(0, 0), (1, 0), (1, 1), (1, 2), (2, 2), (2, 1), (2, 0), (3, 0), (4, 0), (4, 1), (3, 1), (3, 2), (4, 2), (4, 3), (4, 4), (4, 5), (4, 6), (4, 7), (3, 7), (2, 7), (1, 7), (0, 7), (0, 6), (0, 5), (0, 4), (0, 3), (1, 3), (2, 3), (3, 3), (3, 4), (3, 5)] of length 31
Found Path [(0, 0), (1, 0), (1, 1), (1, 2), (2, 2), (2, 1), (2, 0), (3, 0), (4, 0), (4, 1), (3, 1), (3, 2), (4, 2), (4, 3), (4, 4), (4, 5), (4, 6), (4, 7), (3, 7), (2, 7), (1, 7), (0, 7), (0, 6), (0, 5), (0, 4), (0, 3), (1, 3), (2, 3), (3, 3), (3, 4), (3, 5), (3, 6), (2, 6), (1, 6), (1, 5)] of length 35
Found Path [(0, 0), (1, 0), (1, 1), (1, 2), (2, 2), (2, 1), (2, 0), (3, 0), (4, 0), (4, 1), (3, 1), (3, 2), (4, 2), (4, 3), (4, 4), (4, 5), (4, 6), (4, 7), (3, 7), (2, 7), (1, 7), (0, 7), (0, 6), (0, 5), (0, 4), (0, 3), (1, 3), (2, 3), (3, 3), (3, 4), (3, 5), (3, 6), (2, 6), (1, 6), (1, 5), (1, 4), (2, 4)] of length 37
Found Path [(0, 0), (1, 0), (1, 1), (1, 2), (2, 2), (2, 1), (2, 0), (3, 0), (4, 0), (4, 1), (3, 1), (3, 2), (4, 2), (4, 3), (4, 4), (4, 5), (4, 6), (4, 7), (3, 7), (2, 7), (1, 7), (0, 7), (0, 6), (0, 5), (0, 4), (0, 3), (1, 3), (2, 3), (3, 3), (3, 4), (3, 5), (3, 6), (2, 6)] of length 33
Found Path [(0, 0), (0, 1), (1, 1), (2, 1), (3, 1), (3, 2), (4, 2), (4, 3), (4, 4), (4, 5), (4, 6), (4, 7), (3, 7), (2, 7), (1, 7), (0, 7), (0, 6), (0, 5), (0, 4), (0, 3), (1, 3), (2, 3), (3, 3), (3, 4), (3, 5)] of length 25
Found Path [(0, 0), (0, 1), (1, 1), (2, 1), (3, 1), (3, 2), (4, 2), (4, 3), (4, 4), (4, 5), (4, 6), (4, 7), (3, 7), (2, 7), (1, 7), (0, 7), (0, 6), (0, 5), (0, 4), (0, 3), (1, 3), (2, 3), (3, 3), (3, 4), (3, 5), (3, 6), (2, 6), (1, 6), (1, 5)] of length 29
Found Path [(0, 0), (0, 1), (1, 1), (2, 1), (3, 1), (3, 2), (4, 2), (4, 3), (4, 4), (4, 5), (4, 6), (4, 7), (3, 7), (2, 7), (1, 7), (0, 7), (0, 6), (0, 5), (0, 4), (0, 3), (1, 3), (2, 3), (3, 3), (3, 4), (3, 5), (3, 6), (2, 6), (1, 6), (1, 5), (1, 4), (2, 4)] of length 31
Found Path [(0, 0), (0, 1), (1, 1), (2, 1), (3, 1), (3, 2), (4, 2), (4, 3), (4, 4), (4, 5), (4, 6), (4, 7), (3, 7), (2, 7), (1, 7), (0, 7), (0, 6), (0, 5), (0, 4), (0, 3), (1, 3), (2, 3), (3, 3), (3, 4), (3, 5), (3, 6), (2, 6)] of length 27
Found Path [(0, 0), (0, 1), (1, 1), (2, 1), (2, 2), (3, 2), (4, 2), (4, 3), (4, 4), (4, 5), (4, 6), (4, 7), (3, 7), (2, 7), (1, 7), (0, 7), (0, 6), (0, 5), (0, 4), (0, 3), (1, 3), (2, 3), (3, 3), (3, 4), (3, 5)] of length 25
Found Path [(0, 0), (0, 1), (1, 1), (2, 1), (2, 2), (3, 2), (4, 2), (4, 3), (4, 4), (4, 5), (4, 6), (4, 7), (3, 7), (2, 7), (1, 7), (0, 7), (0, 6), (0, 5), (0, 4), (0, 3), (1, 3), (2, 3), (3, 3), (3, 4), (3, 5), (3, 6), (2, 6), (1, 6), (1, 5)] of length 29
Found Path [(0, 0), (0, 1), (1, 1), (2, 1), (2, 2), (3, 2), (4, 2), (4, 3), (4, 4), (4, 5), (4, 6), (4, 7), (3, 7), (2, 7), (1, 7), (0, 7), (0, 6), (0, 5), (0, 4), (0, 3), (1, 3), (2, 3), (3, 3), (3, 4), (3, 5), (3, 6), (2, 6), (1, 6), (1, 5), (1, 4), (2, 4)] of length 31
Found Path [(0, 0), (0, 1), (1, 1), (2, 1), (2, 2), (3, 2), (4, 2), (4, 3), (4, 4), (4, 5), (4, 6), (4, 7), (3, 7), (2, 7), (1, 7), (0, 7), (0, 6), (0, 5), (0, 4), (0, 3), (1, 3), (2, 3), (3, 3), (3, 4), (3, 5), (3, 6), (2, 6)] of length 27
Found Path [(0, 0), (0, 1), (1, 1), (2, 1), (2, 0), (3, 0), (4, 0), (4, 1), (3, 1), (3, 2), (4, 2), (4, 3), (4, 4), (4, 5), (4, 6), (4, 7), (3, 7), (2, 7), (1, 7), (0, 7), (0, 6), (0, 5), (0, 4), (0, 3), (1, 3), (2, 3), (3, 3), (3, 4), (3, 5)] of length 29
Found Path [(0, 0), (0, 1), (1, 1), (2, 1), (2, 0), (3, 0), (4, 0), (4, 1), (3, 1), (3, 2), (4, 2), (4, 3), (4, 4), (4, 5), (4, 6), (4, 7), (3, 7), (2, 7), (1, 7), (0, 7), (0, 6), (0, 5), (0, 4), (0, 3), (1, 3), (2, 3), (3, 3), (3, 4), (3, 5), (3, 6), (2, 6), (1, 6), (1, 5)] of length 33
Found Path [(0, 0), (0, 1), (1, 1), (2, 1), (2, 0), (3, 0), (4, 0), (4, 1), (3, 1), (3, 2), (4, 2), (4, 3), (4, 4), (4, 5), (4, 6), (4, 7), (3, 7), (2, 7), (1, 7), (0, 7), (0, 6), (0, 5), (0, 4), (0, 3), (1, 3), (2, 3), (3, 3), (3, 4), (3, 5), (3, 6), (2, 6), (1, 6), (1, 5), (1, 4), (2, 4)] of length 35
Found Path [(0, 0), (0, 1), (1, 1), (2, 1), (2, 0), (3, 0), (4, 0), (4, 1), (3, 1), (3, 2), (4, 2), (4, 3), (4, 4), (4, 5), (4, 6), (4, 7), (3, 7), (2, 7), (1, 7), (0, 7), (0, 6), (0, 5), (0, 4), (0, 3), (1, 3), (2, 3), (3, 3), (3, 4), (3, 5), (3, 6), (2, 6)] of length 31
Found Path [(0, 0), (0, 1), (1, 1), (1, 2), (2, 2), (3, 2), (4, 2), (4, 3), (4, 4), (4, 5), (4, 6), (4, 7), (3, 7), (2, 7), (1, 7), (0, 7), (0, 6), (0, 5), (0, 4), (0, 3), (1, 3), (2, 3), (3, 3), (3, 4), (3, 5)] of length 25
Found Path [(0, 0), (0, 1), (1, 1), (1, 2), (2, 2), (3, 2), (4, 2), (4, 3), (4, 4), (4, 5), (4, 6), (4, 7), (3, 7), (2, 7), (1, 7), (0, 7), (0, 6), (0, 5), (0, 4), (0, 3), (1, 3), (2, 3), (3, 3), (3, 4), (3, 5), (3, 6), (2, 6), (1, 6), (1, 5)] of length 29
Found Path [(0, 0), (0, 1), (1, 1), (1, 2), (2, 2), (3, 2), (4, 2), (4, 3), (4, 4), (4, 5), (4, 6), (4, 7), (3, 7), (2, 7), (1, 7), (0, 7), (0, 6), (0, 5), (0, 4), (0, 3), (1, 3), (2, 3), (3, 3), (3, 4), (3, 5), (3, 6), (2, 6), (1, 6), (1, 5), (1, 4), (2, 4)] of length 31
Found Path [(0, 0), (0, 1), (1, 1), (1, 2), (2, 2), (3, 2), (4, 2), (4, 3), (4, 4), (4, 5), (4, 6), (4, 7), (3, 7), (2, 7), (1, 7), (0, 7), (0, 6), (0, 5), (0, 4), (0, 3), (1, 3), (2, 3), (3, 3), (3, 4), (3, 5), (3, 6), (2, 6)] of length 27
Found Path [(0, 0), (0, 1), (1, 1), (1, 2), (2, 2), (2, 1), (3, 1), (3, 2), (4, 2), (4, 3), (4, 4), (4, 5), (4, 6), (4, 7), (3, 7), (2, 7), (1, 7), (0, 7), (0, 6), (0, 5), (0, 4), (0, 3), (1, 3), (2, 3), (3, 3), (3, 4), (3, 5)] of length 27
Found Path [(0, 0), (0, 1), (1, 1), (1, 2), (2, 2), (2, 1), (3, 1), (3, 2), (4, 2), (4, 3), (4, 4), (4, 5), (4, 6), (4, 7), (3, 7), (2, 7), (1, 7), (0, 7), (0, 6), (0, 5), (0, 4), (0, 3), (1, 3), (2, 3), (3, 3), (3, 4), (3, 5), (3, 6), (2, 6), (1, 6), (1, 5)] of length 31
Found Path [(0, 0), (0, 1), (1, 1), (1, 2), (2, 2), (2, 1), (3, 1), (3, 2), (4, 2), (4, 3), (4, 4), (4, 5), (4, 6), (4, 7), (3, 7), (2, 7), (1, 7), (0, 7), (0, 6), (0, 5), (0, 4), (0, 3), (1, 3), (2, 3), (3, 3), (3, 4), (3, 5), (3, 6), (2, 6), (1, 6), (1, 5), (1, 4), (2, 4)] of length 33
Found Path [(0, 0), (0, 1), (1, 1), (1, 2), (2, 2), (2, 1), (3, 1), (3, 2), (4, 2), (4, 3), (4, 4), (4, 5), (4, 6), (4, 7), (3, 7), (2, 7), (1, 7), (0, 7), (0, 6), (0, 5), (0, 4), (0, 3), (1, 3), (2, 3), (3, 3), (3, 4), (3, 5), (3, 6), (2, 6)] of length 29
Found Path [(0, 0), (0, 1), (1, 1), (1, 2), (2, 2), (2, 1), (2, 0), (3, 0), (4, 0), (4, 1), (3, 1), (3, 2), (4, 2), (4, 3), (4, 4), (4, 5), (4, 6), (4, 7), (3, 7), (2, 7), (1, 7), (0, 7), (0, 6), (0, 5), (0, 4), (0, 3), (1, 3), (2, 3), (3, 3), (3, 4), (3, 5)] of length 31
Found Path [(0, 0), (0, 1), (1, 1), (1, 2), (2, 2), (2, 1), (2, 0), (3, 0), (4, 0), (4, 1), (3, 1), (3, 2), (4, 2), (4, 3), (4, 4), (4, 5), (4, 6), (4, 7), (3, 7), (2, 7), (1, 7), (0, 7), (0, 6), (0, 5), (0, 4), (0, 3), (1, 3), (2, 3), (3, 3), (3, 4), (3, 5), (3, 6), (2, 6), (1, 6), (1, 5)] of length 35
Found Path [(0, 0), (0, 1), (1, 1), (1, 2), (2, 2), (2, 1), (2, 0), (3, 0), (4, 0), (4, 1), (3, 1), (3, 2), (4, 2), (4, 3), (4, 4), (4, 5), (4, 6), (4, 7), (3, 7), (2, 7), (1, 7), (0, 7), (0, 6), (0, 5), (0, 4), (0, 3), (1, 3), (2, 3), (3, 3), (3, 4), (3, 5), (3, 6), (2, 6), (1, 6), (1, 5), (1, 4), (2, 4)] of length 37
Found Path [(0, 0), (0, 1), (1, 1), (1, 2), (2, 2), (2, 1), (2, 0), (3, 0), (4, 0), (4, 1), (3, 1), (3, 2), (4, 2), (4, 3), (4, 4), (4, 5), (4, 6), (4, 7), (3, 7), (2, 7), (1, 7), (0, 7), (0, 6), (0, 5), (0, 4), (0, 3), (1, 3), (2, 3), (3, 3), (3, 4), (3, 5), (3, 6), (2, 6)] of length 33
Found Path [(0, 0), (0, 1), (1, 1), (1, 0), (2, 0), (3, 0), (4, 0), (4, 1), (3, 1), (2, 1), (2, 2), (3, 2), (4, 2), (4, 3), (4, 4), (4, 5), (4, 6), (4, 7), (3, 7), (2, 7), (1, 7), (0, 7), (0, 6), (0, 5), (0, 4), (0, 3), (1, 3), (2, 3), (3, 3), (3, 4), (3, 5)] of length 31
Found Path [(0, 0), (0, 1), (1, 1), (1, 0), (2, 0), (3, 0), (4, 0), (4, 1), (3, 1), (2, 1), (2, 2), (3, 2), (4, 2), (4, 3), (4, 4), (4, 5), (4, 6), (4, 7), (3, 7), (2, 7), (1, 7), (0, 7), (0, 6), (0, 5), (0, 4), (0, 3), (1, 3), (2, 3), (3, 3), (3, 4), (3, 5), (3, 6), (2, 6), (1, 6), (1, 5)] of length 35
Found Path [(0, 0), (0, 1), (1, 1), (1, 0), (2, 0), (3, 0), (4, 0), (4, 1), (3, 1), (2, 1), (2, 2), (3, 2), (4, 2), (4, 3), (4, 4), (4, 5), (4, 6), (4, 7), (3, 7), (2, 7), (1, 7), (0, 7), (0, 6), (0, 5), (0, 4), (0, 3), (1, 3), (2, 3), (3, 3), (3, 4), (3, 5), (3, 6), (2, 6), (1, 6), (1, 5), (1, 4), (2, 4)] of length 37
Found Path [(0, 0), (0, 1), (1, 1), (1, 0), (2, 0), (3, 0), (4, 0), (4, 1), (3, 1), (2, 1), (2, 2), (3, 2), (4, 2), (4, 3), (4, 4), (4, 5), (4, 6), (4, 7), (3, 7), (2, 7), (1, 7), (0, 7), (0, 6), (0, 5), (0, 4), (0, 3), (1, 3), (2, 3), (3, 3), (3, 4), (3, 5), (3, 6), (2, 6)] of length 33
Found Path [(0, 0), (0, 1), (1, 1), (1, 0), (2, 0), (3, 0), (4, 0), (4, 1), (3, 1), (3, 2), (4, 2), (4, 3), (4, 4), (4, 5), (4, 6), (4, 7), (3, 7), (2, 7), (1, 7), (0, 7), (0, 6), (0, 5), (0, 4), (0, 3), (1, 3), (2, 3), (3, 3), (3, 4), (3, 5)] of length 29
Found Path [(0, 0), (0, 1), (1, 1), (1, 0), (2, 0), (3, 0), (4, 0), (4, 1), (3, 1), (3, 2), (4, 2), (4, 3), (4, 4), (4, 5), (4, 6), (4, 7), (3, 7), (2, 7), (1, 7), (0, 7), (0, 6), (0, 5), (0, 4), (0, 3), (1, 3), (2, 3), (3, 3), (3, 4), (3, 5), (3, 6), (2, 6), (1, 6), (1, 5)] of length 33
Found Path [(0, 0), (0, 1), (1, 1), (1, 0), (2, 0), (3, 0), (4, 0), (4, 1), (3, 1), (3, 2), (4, 2), (4, 3), (4, 4), (4, 5), (4, 6), (4, 7), (3, 7), (2, 7), (1, 7), (0, 7), (0, 6), (0, 5), (0, 4), (0, 3), (1, 3), (2, 3), (3, 3), (3, 4), (3, 5), (3, 6), (2, 6), (1, 6), (1, 5), (1, 4), (2, 4)] of length 35
Found Path [(0, 0), (0, 1), (1, 1), (1, 0), (2, 0), (3, 0), (4, 0), (4, 1), (3, 1), (3, 2), (4, 2), (4, 3), (4, 4), (4, 5), (4, 6), (4, 7), (3, 7), (2, 7), (1, 7), (0, 7), (0, 6), (0, 5), (0, 4), (0, 3), (1, 3), (2, 3), (3, 3), (3, 4), (3, 5), (3, 6), (2, 6)] of length 31
Found Path [(0, 0), (0, 1), (0, 2), (1, 2), (2, 2), (3, 2), (4, 2), (4, 3), (4, 4), (4, 5), (4, 6), (4, 7), (3, 7), (2, 7), (1, 7), (0, 7), (0, 6), (0, 5), (0, 4), (0, 3), (1, 3), (2, 3), (3, 3), (3, 4), (3, 5)] of length 25
Found Path [(0, 0), (0, 1), (0, 2), (1, 2), (2, 2), (3, 2), (4, 2), (4, 3), (4, 4), (4, 5), (4, 6), (4, 7), (3, 7), (2, 7), (1, 7), (0, 7), (0, 6), (0, 5), (0, 4), (0, 3), (1, 3), (2, 3), (3, 3), (3, 4), (3, 5), (3, 6), (2, 6), (1, 6), (1, 5)] of length 29
Found Path [(0, 0), (0, 1), (0, 2), (1, 2), (2, 2), (3, 2), (4, 2), (4, 3), (4, 4), (4, 5), (4, 6), (4, 7), (3, 7), (2, 7), (1, 7), (0, 7), (0, 6), (0, 5), (0, 4), (0, 3), (1, 3), (2, 3), (3, 3), (3, 4), (3, 5), (3, 6), (2, 6), (1, 6), (1, 5), (1, 4), (2, 4)] of length 31
Found Path [(0, 0), (0, 1), (0, 2), (1, 2), (2, 2), (3, 2), (4, 2), (4, 3), (4, 4), (4, 5), (4, 6), (4, 7), (3, 7), (2, 7), (1, 7), (0, 7), (0, 6), (0, 5), (0, 4), (0, 3), (1, 3), (2, 3), (3, 3), (3, 4), (3, 5), (3, 6), (2, 6)] of length 27
Found Path [(0, 0), (0, 1), (0, 2), (1, 2), (2, 2), (2, 1), (3, 1), (3, 2), (4, 2), (4, 3), (4, 4), (4, 5), (4, 6), (4, 7), (3, 7), (2, 7), (1, 7), (0, 7), (0, 6), (0, 5), (0, 4), (0, 3), (1, 3), (2, 3), (3, 3), (3, 4), (3, 5)] of length 27
Found Path [(0, 0), (0, 1), (0, 2), (1, 2), (2, 2), (2, 1), (3, 1), (3, 2), (4, 2), (4, 3), (4, 4), (4, 5), (4, 6), (4, 7), (3, 7), (2, 7), (1, 7), (0, 7), (0, 6), (0, 5), (0, 4), (0, 3), (1, 3), (2, 3), (3, 3), (3, 4), (3, 5), (3, 6), (2, 6), (1, 6), (1, 5)] of length 31
Found Path [(0, 0), (0, 1), (0, 2), (1, 2), (2, 2), (2, 1), (3, 1), (3, 2), (4, 2), (4, 3), (4, 4), (4, 5), (4, 6), (4, 7), (3, 7), (2, 7), (1, 7), (0, 7), (0, 6), (0, 5), (0, 4), (0, 3), (1, 3), (2, 3), (3, 3), (3, 4), (3, 5), (3, 6), (2, 6), (1, 6), (1, 5), (1, 4), (2, 4)] of length 33
Found Path [(0, 0), (0, 1), (0, 2), (1, 2), (2, 2), (2, 1), (3, 1), (3, 2), (4, 2), (4, 3), (4, 4), (4, 5), (4, 6), (4, 7), (3, 7), (2, 7), (1, 7), (0, 7), (0, 6), (0, 5), (0, 4), (0, 3), (1, 3), (2, 3), (3, 3), (3, 4), (3, 5), (3, 6), (2, 6)] of length 29
Found Path [(0, 0), (0, 1), (0, 2), (1, 2), (2, 2), (2, 1), (1, 1), (1, 0), (2, 0), (3, 0), (4, 0), (4, 1), (3, 1), (3, 2), (4, 2), (4, 3), (4, 4), (4, 5), (4, 6), (4, 7), (3, 7), (2, 7), (1, 7), (0, 7), (0, 6), (0, 5), (0, 4), (0, 3), (1, 3), (2, 3), (3, 3), (3, 4), (3, 5)] of length 33
Found Path [(0, 0), (0, 1), (0, 2), (1, 2), (2, 2), (2, 1), (1, 1), (1, 0), (2, 0), (3, 0), (4, 0), (4, 1), (3, 1), (3, 2), (4, 2), (4, 3), (4, 4), (4, 5), (4, 6), (4, 7), (3, 7), (2, 7), (1, 7), (0, 7), (0, 6), (0, 5), (0, 4), (0, 3), (1, 3), (2, 3), (3, 3), (3, 4), (3, 5), (3, 6), (2, 6), (1, 6), (1, 5)] of length 37
Found Path [(0, 0), (0, 1), (0, 2), (1, 2), (2, 2), (2, 1), (1, 1), (1, 0), (2, 0), (3, 0), (4, 0), (4, 1), (3, 1), (3, 2), (4, 2), (4, 3), (4, 4), (4, 5), (4, 6), (4, 7), (3, 7), (2, 7), (1, 7), (0, 7), (0, 6), (0, 5), (0, 4), (0, 3), (1, 3), (2, 3), (3, 3), (3, 4), (3, 5), (3, 6), (2, 6), (1, 6), (1, 5), (1, 4), (2, 4)] of length 39
Found Path [(0, 0), (0, 1), (0, 2), (1, 2), (2, 2), (2, 1), (1, 1), (1, 0), (2, 0), (3, 0), (4, 0), (4, 1), (3, 1), (3, 2), (4, 2), (4, 3), (4, 4), (4, 5), (4, 6), (4, 7), (3, 7), (2, 7), (1, 7), (0, 7), (0, 6), (0, 5), (0, 4), (0, 3), (1, 3), (2, 3), (3, 3), (3, 4), (3, 5), (3, 6), (2, 6)] of length 35
Found Path [(0, 0), (0, 1), (0, 2), (1, 2), (2, 2), (2, 1), (2, 0), (3, 0), (4, 0), (4, 1), (3, 1), (3, 2), (4, 2), (4, 3), (4, 4), (4, 5), (4, 6), (4, 7), (3, 7), (2, 7), (1, 7), (0, 7), (0, 6), (0, 5), (0, 4), (0, 3), (1, 3), (2, 3), (3, 3), (3, 4), (3, 5)] of length 31
Found Path [(0, 0), (0, 1), (0, 2), (1, 2), (2, 2), (2, 1), (2, 0), (3, 0), (4, 0), (4, 1), (3, 1), (3, 2), (4, 2), (4, 3), (4, 4), (4, 5), (4, 6), (4, 7), (3, 7), (2, 7), (1, 7), (0, 7), (0, 6), (0, 5), (0, 4), (0, 3), (1, 3), (2, 3), (3, 3), (3, 4), (3, 5), (3, 6), (2, 6), (1, 6), (1, 5)] of length 35
Found Path [(0, 0), (0, 1), (0, 2), (1, 2), (2, 2), (2, 1), (2, 0), (3, 0), (4, 0), (4, 1), (3, 1), (3, 2), (4, 2), (4, 3), (4, 4), (4, 5), (4, 6), (4, 7), (3, 7), (2, 7), (1, 7), (0, 7), (0, 6), (0, 5), (0, 4), (0, 3), (1, 3), (2, 3), (3, 3), (3, 4), (3, 5), (3, 6), (2, 6), (1, 6), (1, 5), (1, 4), (2, 4)] of length 37
Found Path [(0, 0), (0, 1), (0, 2), (1, 2), (2, 2), (2, 1), (2, 0), (3, 0), (4, 0), (4, 1), (3, 1), (3, 2), (4, 2), (4, 3), (4, 4), (4, 5), (4, 6), (4, 7), (3, 7), (2, 7), (1, 7), (0, 7), (0, 6), (0, 5), (0, 4), (0, 3), (1, 3), (2, 3), (3, 3), (3, 4), (3, 5), (3, 6), (2, 6)] of length 33
Found Path [(0, 0), (0, 1), (0, 2), (1, 2), (1, 1), (2, 1), (3, 1), (3, 2), (4, 2), (4, 3), (4, 4), (4, 5), (4, 6), (4, 7), (3, 7), (2, 7), (1, 7), (0, 7), (0, 6), (0, 5), (0, 4), (0, 3), (1, 3), (2, 3), (3, 3), (3, 4), (3, 5)] of length 27
Found Path [(0, 0), (0, 1), (0, 2), (1, 2), (1, 1), (2, 1), (3, 1), (3, 2), (4, 2), (4, 3), (4, 4), (4, 5), (4, 6), (4, 7), (3, 7), (2, 7), (1, 7), (0, 7), (0, 6), (0, 5), (0, 4), (0, 3), (1, 3), (2, 3), (3, 3), (3, 4), (3, 5), (3, 6), (2, 6), (1, 6), (1, 5)] of length 31
Found Path [(0, 0), (0, 1), (0, 2), (1, 2), (1, 1), (2, 1), (3, 1), (3, 2), (4, 2), (4, 3), (4, 4), (4, 5), (4, 6), (4, 7), (3, 7), (2, 7), (1, 7), (0, 7), (0, 6), (0, 5), (0, 4), (0, 3), (1, 3), (2, 3), (3, 3), (3, 4), (3, 5), (3, 6), (2, 6), (1, 6), (1, 5), (1, 4), (2, 4)] of length 33
Found Path [(0, 0), (0, 1), (0, 2), (1, 2), (1, 1), (2, 1), (3, 1), (3, 2), (4, 2), (4, 3), (4, 4), (4, 5), (4, 6), (4, 7), (3, 7), (2, 7), (1, 7), (0, 7), (0, 6), (0, 5), (0, 4), (0, 3), (1, 3), (2, 3), (3, 3), (3, 4), (3, 5), (3, 6), (2, 6)] of length 29
Found Path [(0, 0), (0, 1), (0, 2), (1, 2), (1, 1), (2, 1), (2, 2), (3, 2), (4, 2), (4, 3), (4, 4), (4, 5), (4, 6), (4, 7), (3, 7), (2, 7), (1, 7), (0, 7), (0, 6), (0, 5), (0, 4), (0, 3), (1, 3), (2, 3), (3, 3), (3, 4), (3, 5)] of length 27
Found Path [(0, 0), (0, 1), (0, 2), (1, 2), (1, 1), (2, 1), (2, 2), (3, 2), (4, 2), (4, 3), (4, 4), (4, 5), (4, 6), (4, 7), (3, 7), (2, 7), (1, 7), (0, 7), (0, 6), (0, 5), (0, 4), (0, 3), (1, 3), (2, 3), (3, 3), (3, 4), (3, 5), (3, 6), (2, 6), (1, 6), (1, 5)] of length 31
Found Path [(0, 0), (0, 1), (0, 2), (1, 2), (1, 1), (2, 1), (2, 2), (3, 2), (4, 2), (4, 3), (4, 4), (4, 5), (4, 6), (4, 7), (3, 7), (2, 7), (1, 7), (0, 7), (0, 6), (0, 5), (0, 4), (0, 3), (1, 3), (2, 3), (3, 3), (3, 4), (3, 5), (3, 6), (2, 6), (1, 6), (1, 5), (1, 4), (2, 4)] of length 33
Found Path [(0, 0), (0, 1), (0, 2), (1, 2), (1, 1), (2, 1), (2, 2), (3, 2), (4, 2), (4, 3), (4, 4), (4, 5), (4, 6), (4, 7), (3, 7), (2, 7), (1, 7), (0, 7), (0, 6), (0, 5), (0, 4), (0, 3), (1, 3), (2, 3), (3, 3), (3, 4), (3, 5), (3, 6), (2, 6)] of length 29
Found Path [(0, 0), (0, 1), (0, 2), (1, 2), (1, 1), (2, 1), (2, 0), (3, 0), (4, 0), (4, 1), (3, 1), (3, 2), (4, 2), (4, 3), (4, 4), (4, 5), (4, 6), (4, 7), (3, 7), (2, 7), (1, 7), (0, 7), (0, 6), (0, 5), (0, 4), (0, 3), (1, 3), (2, 3), (3, 3), (3, 4), (3, 5)] of length 31
Found Path [(0, 0), (0, 1), (0, 2), (1, 2), (1, 1), (2, 1), (2, 0), (3, 0), (4, 0), (4, 1), (3, 1), (3, 2), (4, 2), (4, 3), (4, 4), (4, 5), (4, 6), (4, 7), (3, 7), (2, 7), (1, 7), (0, 7), (0, 6), (0, 5), (0, 4), (0, 3), (1, 3), (2, 3), (3, 3), (3, 4), (3, 5), (3, 6), (2, 6), (1, 6), (1, 5)] of length 35
Found Path [(0, 0), (0, 1), (0, 2), (1, 2), (1, 1), (2, 1), (2, 0), (3, 0), (4, 0), (4, 1), (3, 1), (3, 2), (4, 2), (4, 3), (4, 4), (4, 5), (4, 6), (4, 7), (3, 7), (2, 7), (1, 7), (0, 7), (0, 6), (0, 5), (0, 4), (0, 3), (1, 3), (2, 3), (3, 3), (3, 4), (3, 5), (3, 6), (2, 6), (1, 6), (1, 5), (1, 4), (2, 4)] of length 37
Found Path [(0, 0), (0, 1), (0, 2), (1, 2), (1, 1), (2, 1), (2, 0), (3, 0), (4, 0), (4, 1), (3, 1), (3, 2), (4, 2), (4, 3), (4, 4), (4, 5), (4, 6), (4, 7), (3, 7), (2, 7), (1, 7), (0, 7), (0, 6), (0, 5), (0, 4), (0, 3), (1, 3), (2, 3), (3, 3), (3, 4), (3, 5), (3, 6), (2, 6)] of length 33
Found Path [(0, 0), (0, 1), (0, 2), (1, 2), (1, 1), (1, 0), (2, 0), (3, 0), (4, 0), (4, 1), (3, 1), (2, 1), (2, 2), (3, 2), (4, 2), (4, 3), (4, 4), (4, 5), (4, 6), (4, 7), (3, 7), (2, 7), (1, 7), (0, 7), (0, 6), (0, 5), (0, 4), (0, 3), (1, 3), (2, 3), (3, 3), (3, 4), (3, 5)] of length 33
Found Path [(0, 0), (0, 1), (0, 2), (1, 2), (1, 1), (1, 0), (2, 0), (3, 0), (4, 0), (4, 1), (3, 1), (2, 1), (2, 2), (3, 2), (4, 2), (4, 3), (4, 4), (4, 5), (4, 6), (4, 7), (3, 7), (2, 7), (1, 7), (0, 7), (0, 6), (0, 5), (0, 4), (0, 3), (1, 3), (2, 3), (3, 3), (3, 4), (3, 5), (3, 6), (2, 6), (1, 6), (1, 5)] of length 37
Found Path [(0, 0), (0, 1), (0, 2), (1, 2), (1, 1), (1, 0), (2, 0), (3, 0), (4, 0), (4, 1), (3, 1), (2, 1), (2, 2), (3, 2), (4, 2), (4, 3), (4, 4), (4, 5), (4, 6), (4, 7), (3, 7), (2, 7), (1, 7), (0, 7), (0, 6), (0, 5), (0, 4), (0, 3), (1, 3), (2, 3), (3, 3), (3, 4), (3, 5), (3, 6), (2, 6), (1, 6), (1, 5), (1, 4), (2, 4)] of length 39
Found Path [(0, 0), (0, 1), (0, 2), (1, 2), (1, 1), (1, 0), (2, 0), (3, 0), (4, 0), (4, 1), (3, 1), (2, 1), (2, 2), (3, 2), (4, 2), (4, 3), (4, 4), (4, 5), (4, 6), (4, 7), (3, 7), (2, 7), (1, 7), (0, 7), (0, 6), (0, 5), (0, 4), (0, 3), (1, 3), (2, 3), (3, 3), (3, 4), (3, 5), (3, 6), (2, 6)] of length 35
Found Path [(0, 0), (0, 1), (0, 2), (1, 2), (1, 1), (1, 0), (2, 0), (3, 0), (4, 0), (4, 1), (3, 1), (3, 2), (4, 2), (4, 3), (4, 4), (4, 5), (4, 6), (4, 7), (3, 7), (2, 7), (1, 7), (0, 7), (0, 6), (0, 5), (0, 4), (0, 3), (1, 3), (2, 3), (3, 3), (3, 4), (3, 5)] of length 31
Found Path [(0, 0), (0, 1), (0, 2), (1, 2), (1, 1), (1, 0), (2, 0), (3, 0), (4, 0), (4, 1), (3, 1), (3, 2), (4, 2), (4, 3), (4, 4), (4, 5), (4, 6), (4, 7), (3, 7), (2, 7), (1, 7), (0, 7), (0, 6), (0, 5), (0, 4), (0, 3), (1, 3), (2, 3), (3, 3), (3, 4), (3, 5), (3, 6), (2, 6), (1, 6), (1, 5)] of length 35
Found Path [(0, 0), (0, 1), (0, 2), (1, 2), (1, 1), (1, 0), (2, 0), (3, 0), (4, 0), (4, 1), (3, 1), (3, 2), (4, 2), (4, 3), (4, 4), (4, 5), (4, 6), (4, 7), (3, 7), (2, 7), (1, 7), (0, 7), (0, 6), (0, 5), (0, 4), (0, 3), (1, 3), (2, 3), (3, 3), (3, 4), (3, 5), (3, 6), (2, 6), (1, 6), (1, 5), (1, 4), (2, 4)] of length 37
Found Path [(0, 0), (0, 1), (0, 2), (1, 2), (1, 1), (1, 0), (2, 0), (3, 0), (4, 0), (4, 1), (3, 1), (3, 2), (4, 2), (4, 3), (4, 4), (4, 5), (4, 6), (4, 7), (3, 7), (2, 7), (1, 7), (0, 7), (0, 6), (0, 5), (0, 4), (0, 3), (1, 3), (2, 3), (3, 3), (3, 4), (3, 5), (3, 6), (2, 6)] of length 33
FINAL: 25
